30
100 60
0 8 1 7 7 5 12 0 15 3 10 8 11 9 1 9 0 8 
0 8 1 7 7 5 12 0 15 3 10 8 11 9 1 9 0 8 
0 8 1 7 7 5 12 0 15 3 10 8 11 9 1 9 0 8 
2 12 0 0 4 0 4 1 5 1 5 0 9 0 9 2 5 12 2 12 
2 12 0 0 4 0 4 1 5 1 5 0 9 0 9 2 5 12 2 12 
2 12 0 0 4 0 4 1 5 1 5 0 9 0 9 2 5 12 2 12 
2 24 0 18 0 6 2 0 9 0 11 6 11 18 9 24 2 24 
2 24 0 18 0 6 2 0 9 0 11 6 11 18 9 24 2 24 
2 24 0 18 0 6 2 0 9 0 11 6 11 18 9 24 2 24 
0 15 0 0 14 0 14 15 0 15 
0 15 0 0 14 0 14 15 0 15 
0 15 0 0 14 0 14 15 0 15 
0 0 9 0 7 5 2 5 0 0 
0 0 9 0 7 5 2 5 0 0 
0 0 9 0 7 5 2 5 0 0 
0 32 1 3 3 0 6 1 11 11 5 31 2 33 0 32 
0 32 1 3 3 0 6 1 11 11 5 31 2 33 0 32 
0 32 1 3 3 0 6 1 11 11 5 31 2 33 0 32 
0 3 5 0 23 0 13 5 1 5 0 3 
0 3 5 0 23 0 13 5 1 5 0 3 
0 3 5 0 23 0 13 5 1 5 0 3 
1 0 4 0 5 6 4 6 4 5 3 4 2 4 1 5 1 6 0 6 1 0 
1 0 4 0 5 6 4 6 4 5 3 4 2 4 1 5 1 6 0 6 1 0 
1 0 4 0 5 6 4 6 4 5 3 4 2 4 1 5 1 6 0 6 1 0 
0 2 1 0 8 0 6 3 0 2 
0 2 1 0 8 0 6 3 0 2 
0 2 1 0 8 0 6 3 0 2 
0 0 14 0 5 6.4 0 0 
0 0 14 0 5 6.4 0 0 
0 0 14 0 5 6.4 0 0 
