48
12000 5752
0 0 -5 -321 1 -642 151 -660 259 -691 423 -738 547 -770 680 -801 858 -837 988 -682 1075 -620 1211 -553 1319 -527 1481 -526 1597 -540 1737 -564 1719 -440 1708 -317 1718 -194 1736 -70 1596 -95 1480 -109 1318 -109 1210 -83 1074 -17 986 45 856 199 678 162 545 131 421 98 257 50 149 19 0 0 
0 0 -5 -321 1 -642 151 -660 259 -691 423 -738 547 -770 680 -801 858 -837 988 -682 1075 -620 1211 -553 1319 -527 1481 -526 1597 -540 1737 -564 1719 -440 1708 -317 1718 -194 1736 -70 1596 -95 1480 -109 1318 -109 1210 -83 1074 -17 986 45 856 199 678 162 545 131 421 98 257 50 149 19 0 0 
0 0 -5 -321 1 -642 151 -660 259 -691 423 -738 547 -770 680 -801 858 -837 988 -682 1075 -620 1211 -553 1319 -527 1481 -526 1597 -540 1737 -564 1719 -440 1708 -317 1718 -194 1736 -70 1596 -95 1480 -109 1318 -109 1210 -83 1074 -17 986 45 856 199 678 162 545 131 421 98 257 50 149 19 0 0 
0 0 8 -148 26.96 -299.7 68.44 -462.43 179 -449 288 -446 401 -463 548 -497 764.02 -545.56 805 -350 887 -196 755 -176 655 -155 523 -121 272 -52 117.45 -11.88 0 0 
0 0 8 -148 26.96 -299.7 68.44 -462.43 179 -449 288 -446 401 -463 548 -497 764.02 -545.56 805 -350 887 -196 755 -176 655 -155 523 -121 272 -52 117.45 -11.88 0 0 
0 0 8 -148 26.96 -299.7 68.44 -462.43 179 -449 288 -446 401 -463 548 -497 764.02 -545.56 805 -350 887 -196 755 -176 655 -155 523 -121 272 -52 117.45 -11.88 0 0 
0 0 8 -148 26.96 -299.7 68.44 -462.43 179 -449 288 -446 401 -463 548 -497 764.02 -545.56 805 -350 887 -196 755 -176 655 -155 523 -121 272 -52 117.45 -11.88 0 0 
0 0 8 -148 26.96 -299.7 68.44 -462.43 179 -449 288 -446 401 -463 548 -497 764.02 -545.56 805 -350 887 -196 755 -176 655 -155 523 -121 272 -52 117.45 -11.88 0 0 
0 0 8 -148 26.96 -299.7 68.44 -462.43 179 -449 288 -446 401 -463 548 -497 764.02 -545.56 805 -350 887 -196 755 -176 655 -155 523 -121 272 -52 117.45 -11.88 0 0 
-159 -185 -328 -228 -474 -262 -694.85 -307.57 -806.65 -359.48 -532 -384 -408 -400 -215 -443 -77 -501 130 -620 264 -589 477.87 -543.85 652.51 -485.04 766 -431 893 -362 1115 -258 1125 -131 1133 -7 940 23 792 45 680 59 524 70 357.53 70 181 44 0.95 4.18 -159 -185 
-159 -185 -328 -228 -474 -262 -694.85 -307.57 -806.65 -359.48 -532 -384 -408 -400 -215 -443 -77 -501 130 -620 264 -589 477.87 -543.85 652.51 -485.04 766 -431 893 -362 1115 -258 1125 -131 1133 -7 940 23 792 45 680 59 524 70 357.53 70 181 44 0.95 4.18 -159 -185 
-159 -185 -328 -228 -474 -262 -694.85 -307.57 -806.65 -359.48 -532 -384 -408 -400 -215 -443 -77 -501 130 -620 264 -589 477.87 -543.85 652.51 -485.04 766 -431 893 -362 1115 -258 1125 -131 1133 -7 940 23 792 45 680 59 524 70 357.53 70 181 44 0.95 4.18 -159 -185 
-159 -185 -328 -228 -474 -262 -694.85 -307.57 -806.65 -359.48 -532 -384 -408 -400 -215 -443 -77 -501 130 -620 264 -589 477.87 -543.85 652.51 -485.04 766 -431 893 -362 1115 -258 1125 -131 1133 -7 940 23 792 45 680 59 524 70 357.53 70 181 44 0.95 4.18 -159 -185 
-159 -185 -328 -228 -474 -262 -694.85 -307.57 -806.65 -359.48 -532 -384 -408 -400 -215 -443 -77 -501 130 -620 264 -589 477.87 -543.85 652.51 -485.04 766 -431 893 -362 1115 -258 1125 -131 1133 -7 940 23 792 45 680 59 524 70 357.53 70 181 44 0.95 4.18 -159 -185 
-159 -185 -328 -228 -474 -262 -694.85 -307.57 -806.65 -359.48 -532 -384 -408 -400 -215 -443 -77 -501 130 -620 264 -589 477.87 -543.85 652.51 -485.04 766 -431 893 -362 1115 -258 1125 -131 1133 -7 940 23 792 45 680 59 524 70 357.53 70 181 44 0.95 4.18 -159 -185 
0 0 8 -172 309 -166 484 -165 616 -167 718 -172 876 -194 1031 -248 1351.45 -111.1 1209 -57 1048.97 -6.82 909 16 785 26 668 29 511 26 213 14 0 0 
0 0 8 -172 309 -166 484 -165 616 -167 718 -172 876 -194 1031 -248 1351.45 -111.1 1209 -57 1048.97 -6.82 909 16 785 26 668 29 511 26 213 14 0 0 
0 0 8 -172 309 -166 484 -165 616 -167 718 -172 876 -194 1031 -248 1351.45 -111.1 1209 -57 1048.97 -6.82 909 16 785 26 668 29 511 26 213 14 0 0 
0 0 8 -172 309 -166 484 -165 616 -167 718 -172 876 -194 1031 -248 1351.45 -111.1 1209 -57 1048.97 -6.82 909 16 785 26 668 29 511 26 213 14 0 0 
0 0 8 -172 309 -166 484 -165 616 -167 718 -172 876 -194 1031 -248 1351.45 -111.1 1209 -57 1048.97 -6.82 909 16 785 26 668 29 511 26 213 14 0 0 
0 0 8 -172 309 -166 484 -165 616 -167 718 -172 876 -194 1031 -248 1351.45 -111.1 1209 -57 1048.97 -6.82 909 16 785 26 668 29 511 26 213 14 0 0 
0 0 33.96 -142.915 77 -268 89 -388 -826 -439 -824 -598 39 -607 169 -650 209 -800 251 -940 371 -924 354 -726 348 -610 350 -412 360 -264 382 -94 488.69 232.11 352 54 217 0 0 0 
0 0 33.96 -142.915 77 -268 89 -388 -826 -439 -824 -598 39 -607 169 -650 209 -800 251 -940 371 -924 354 -726 348 -610 350 -412 360 -264 382 -94 488.69 232.11 352 54 217 0 0 0 
0 0 33.96 -142.915 77 -268 89 -388 -826 -439 -824 -598 39 -607 169 -650 209 -800 251 -940 371 -924 354 -726 348 -610 350 -412 360 -264 382 -94 488.69 232.11 352 54 217 0 0 0 
0 0 33.96 -142.915 77 -268 89 -388 -826 -439 -824 -598 39 -607 169 -650 209 -800 251 -940 371 -924 354 -726 348 -610 350 -412 360 -264 382 -94 488.69 232.11 352 54 217 0 0 0 
0 0 33.96 -142.915 77 -268 89 -388 -826 -439 -824 -598 39 -607 169 -650 209 -800 251 -940 371 -924 354 -726 348 -610 350 -412 360 -264 382 -94 488.69 232.11 352 54 217 0 0 0 
0 0 33.96 -142.915 77 -268 89 -388 -826 -439 -824 -598 39 -607 169 -650 209 -800 251 -940 371 -924 354 -726 348 -610 350 -412 360 -264 382 -94 488.69 232.113 352 54 217 0 0 0 
0 -7.22 129.8 -36.07 306.88 22.96 495 110 616 172 737 238 855 290 959 313 1071 306 1275 255 1260 394 1250 499 1260 606 1275 745 1071 694 959 687 855 710 737 762 616 828 495 890 306.88 977.04 129.8 1036.07 0 1007.22 0 -7.22 
0 -7.22 129.8 -36.07 306.88 22.96 495 110 616 172 737 238 855 290 959 313 1071 306 1275 255 1260 394 1250 499 1260 606 1275 745 1071 694 959 687 855 710 737 762 616 828 495 890 306.88 977.04 129.8 1036.07 0 1007.22 0 -7.22 
0 -7.22 129.8 -36.07 306.88 22.96 495 110 616 172 737 238 855 290 959 313 1071 306 1275 255 1260 394 1250 499 1260 606 1275 745 1071 694 959 687 855 710 737 762 616 828 495 890 306.88 977.04 129.8 1036.07 0 1007.22 0 -7.22 
0 0 -4 -123 -8 -291 -17 -454 -40 -620 119 -619 246 -538 352 -501 492 -458 647 -416 766 -369 913 -302 1061 -224 1046 -100 1037 2 1061 224 913 302 766 369 647 416 492 458 352 501 246 538 119 619 -40 620 -17 454 -8 291 -4 123 0 0 
0 0 -4 -123 -8 -291 -17 -454 -40 -620 119 -619 246 -538 352 -501 492 -458 647 -416 766 -369 913 -302 1061 -224 1046 -100 1037 2 1061 224 913 302 766 369 647 416 492 458 352 501 246 538 119 619 -40 620 -17 454 -8 291 -4 123 0 0 
0 0 -4 -123 -8 -291 -17 -454 -40 -620 119 -619 246 -538 352 -501 492 -458 647 -416 766 -369 913 -302 1061 -224 1046 -100 1037 2 1061 224 913 302 766 369 647 416 492 458 352 501 246 538 119 619 -40 620 -17 454 -8 291 -4 123 0 0 
-76 -85 -178 -200 -270 -306 -412 -374 -958 -383 -954 -543 -366 -560 -269 -659 -90 -708 -4 -539 40 -443 94 -312 140.24 -190.317 189 -42 4.52 5.06 -76 -85 
-76 -85 -178 -200 -270 -306 -412 -374 -958 -383 -954 -543 -366 -560 -269 -659 -90 -708 -4 -539 40 -443 94 -312 140.24 -190.317 189 -42 4.52 5.06 -76 -85 
-76 -85 -178 -200 -270 -306 -412 -374 -958 -383 -954 -543 -366 -560 -269 -659 -90 -708 -4 -539 40 -443 94 -312 140.24 -190.317 189 -42 4.52 5.06 -76 -85 
-76 -85 -178 -200 -270 -306 -412 -374 -958 -383 -954 -543 -366 -560 -269 -659 -90 -708 -4 -539 40 -443 94 -312 140.24 -190.317 189 -42 4.52 5.06 -76 -85 
-76 -85 -178 -200 -270 -306 -412 -374 -958 -383 -954 -543 -366 -560 -269 -659 -90 -708 -4 -539 40 -443 94 -312 140.24 -190.317 189 -42 4.52 5.06 -76 -85 
-76 -85 -178 -200 -270 -306 -412 -374 -958 -383 -954 -543 -366 -560 -269 -659 -90 -708 -4 -539 40 -443 94 -312 140.24 -190.317 189 -42 4.52 5.06 -76 -85 
-135.87 -80.45 -238.053 -203.06 -240.88 -366.93 -197.36 -485.88 -114.33 -625.62 -32.89 -555.03 58.29 -445 118.14 -305.33 108.7 -151.08 7.11 13.39 -135.87 -80.45 
-135.87 -80.45 -238.053 -203.06 -240.88 -366.93 -197.36 -485.88 -114.33 -625.62 -32.89 -555.03 58.29 -445 118.14 -305.33 108.7 -151.08 7.11 13.39 -135.87 -80.45 
-135.87 -80.45 -238.053 -203.06 -240.88 -366.93 -197.36 -485.88 -114.33 -625.62 -32.89 -555.03 58.29 -445 118.14 -305.33 108.7 -151.08 7.11 13.39 -135.87 -80.45 
-135.87 -80.45 -238.053 -203.06 -240.88 -366.93 -197.36 -485.88 -114.33 -625.62 -32.89 -555.03 58.29 -445 118.14 -305.33 108.7 -151.08 7.11 13.39 -135.87 -80.45 
-135.87 -80.45 -238.053 -203.06 -240.88 -366.93 -197.36 -485.88 -114.33 -625.62 -32.89 -555.03 58.29 -445 118.14 -305.33 108.7 -151.08 7.11 13.39 -135.87 -80.45 
-135.87 -80.45 -238.053 -203.06 -240.88 -366.93 -197.36 -485.88 -114.33 -625.62 -32.89 -555.03 58.29 -445 118.14 -305.33 108.7 -151.08 7.11 13.39 -135.87 -80.45 
-175.39 -72.48 -304 -151 -407 -193 -510 -208 -673 -192 -790 -169 -990 -124 -1029 -292 -760 -353 -531 -404 -413 -430 -288 -510 -252 -700 -252 -862 -274 -1015 -533 -1157 -762 -1207 -1031 -1267 -993 -1435 -793 -1391 -675 -1368 -512 -1353 -409 -1368 -307 -1411 -180.412 -1488.29 6.42 -1568.92 319 -1499 270 -1290 248 -1143 241 -922 242 -782 242 -642 246 -494 257 -358 322 -65 15.85 8.04 -175.39 -72.48 
-175.39 -72.48 -304 -151 -407 -193 -510 -208 -673 -192 -790 -169 -990 -124 -1029 -292 -760 -353 -531 -404 -413 -430 -288 -510 -252 -700 -252 -862 -274 -1015 -533 -1157 -762 -1207 -1031 -1267 -993 -1435 -793 -1391 -675 -1368 -512 -1353 -409 -1368 -307 -1411 -180.412 -1488.29 6.42 -1568.92 319 -1499 270 -1290 248 -1143 241 -922 242 -782 242 -642 246 -494 257 -358 322 -65 15.85 8.04 -175.39 -72.48 
-175.39 -72.48 -304 -151 -407 -193 -510 -208 -673 -192 -790 -169 -990 -124 -1029 -292 -760 -353 -531 -404 -413 -430 -288 -510 -252 -700 -252 -862 -274 -1015 -533 -1157 -762 -1207 -1031 -1267 -993 -1435 -793 -1391 -675 -1368 -512 -1353 -409 -1368 -307 -1411 -180.412 -1488.29 6.42 -1568.92 319 -1499 270 -1290 248 -1143 241 -922 242 -782 242 -642 246 -494 257 -358 322 -65 15.85 8.04 -175.39 -72.48 
