64
400 79
0 0 12 -1 14 -3 24 0 33 1 59 2 59 13 4 13 4 8 2 5 0 5 0 0 
0 0 12 -1 14 -3 24 0 33 1 59 2 59 13 4 13 4 8 2 5 0 5 0 0 
0 0 12 -1 14 -3 24 0 33 1 59 2 59 13 4 13 4 8 2 5 0 5 0 0 
0 0 12 -1 14 -3 24 0 33 1 59 2 59 13 4 13 4 8 2 5 0 5 0 0 
0 0 12 -1 14 -3 24 0 33 1 59 2 59 13 4 13 4 8 2 5 0 5 0 0 
0 0 12 -1 14 -3 24 0 33 1 59 2 59 13 4 13 4 8 2 5 0 5 0 0 
0 0 12 -1 14 -3 24 0 33 1 59 2 59 13 4 13 4 8 2 5 0 5 0 0 
0 0 12 -1 14 -3 24 0 33 1 59 2 59 13 4 13 4 8 2 5 0 5 0 0 
0 0 0 -14 27 -17 37 -20 41 -22 47 -19 56 -16 56 0 0 0 
0 0 0 -14 27 -17 37 -20 41 -22 47 -19 56 -16 56 0 0 0 
0 0 0 -14 27 -17 37 -20 41 -22 47 -19 56 -16 56 0 0 0 
0 0 0 -14 27 -17 37 -20 41 -22 47 -19 56 -16 56 0 0 0 
0 0 0 -14 27 -17 37 -20 41 -22 47 -19 56 -16 56 0 0 0 
0 0 0 -14 27 -17 37 -20 41 -22 47 -19 56 -16 56 0 0 0 
0 0 0 -14 27 -17 37 -20 41 -22 47 -19 56 -16 56 0 0 0 
0 0 0 -14 27 -17 37 -20 41 -22 47 -19 56 -16 56 0 0 0 
0 0 57 0 57 5 0 5 0 0 
0 0 52 0 52 5 0 5 0 0 
0 0 44 0 44 5 0 5 0 0 
0 0 42 0 42 5 0 5 0 0 
0 0 21 0 21 2 0 2 0 0 
0 0 21 0 21 2 0 2 0 0 
0 0 21 0 21 2 0 2 0 0 
0 0 21 0 21 2 0 2 0 0 
0 0 21 0 21 2 0 2 0 0 
0 0 21 0 21 2 0 2 0 0 
0 0 21 0 21 2 0 2 0 0 
0 0 21 0 21 2 0 2 0 0 
0 0 15 4 13 7 0 6 0 0 
0 0 15 4 13 7 0 6 0 0 
0 0 15 4 13 7 0 6 0 0 
0 0 15 4 13 7 0 6 0 0 
0 0 15 4 13 7 0 6 0 0 
0 0 15 4 13 7 0 6 0 0 
0 0 15 4 13 7 0 6 0 0 
0 0 15 4 13 7 0 6 0 0 
0 0 15 1 15 4 0 4 0 0 
0 0 14 0 14 5 0 5 0 0 
0 0 14 1 14 4 0 4 0 0 
0 0 13 0 13 5 0 5 0 0 
0 0 13 1 13 4 0 4 0 0 
0 0 13 1 13 4 0 4 0 0 
0 0 12 0 12 5 0 5 0 0 
0 0 12 0 12 5 0 5 0 0 
0 0 4 2 6 10 4 11 -4 11 -6 10 -4 2 0 0 
0 0 4 2 6 10 4 11 -4 11 -6 10 -4 2 0 0 
0 0 4 2 6 10 4 11 -4 11 -6 10 -4 2 0 0 
0 0 4 2 6 10 4 11 -4 11 -6 10 -4 2 0 0 
0 0 4 2 6 10 4 11 -4 11 -6 10 -4 2 0 0 
0 0 4 2 6 10 4 11 -4 11 -6 10 -4 2 0 0 
0 0 4 2 6 10 4 11 -4 11 -6 10 -4 2 0 0 
0 0 4 2 6 10 4 11 -4 11 -6 10 -4 2 0 0 
0 0 3 -2 8 0 8 8 2 8 0 0 
0 0 3 -2 8 0 8 8 2 8 0 0 
0 0 3 -2 8 0 8 8 2 8 0 0 
0 0 3 -2 8 0 8 8 2 8 0 0 
0 0 3 -2 8 0 8 8 2 8 0 0 
0 0 3 -2 8 0 8 8 2 8 0 0 
0 0 3 -2 8 0 8 8 2 8 0 0 
0 0 3 -2 8 0 8 8 2 8 0 0 
0 0 2 1 3 6 2 7 -2 7 -3 6 -2 1 0 0 
0 0 2 1 3 6 2 7 -2 7 -3 6 -2 1 0 0 
0 0 2 1 3 6 2 7 -2 7 -3 6 -2 1 0 0 
0 0 2 1 3 6 2 7 -2 7 -3 6 -2 1 0 0 
